78.40139285244513,	46.44970604348236,	962.3054000257284
78.41036933125113,	46.47814131148014,	962.2572837654855
78.41036933125113,	46.51164660740784,	962.3129545430597
78.41036933125113,	46.52281496605969,	962.3129545430597
78.419345810581,	46.54566655244818,	962.2926734584579
78.43729877081233,	46.60253922785737,	962.3356182379055
78.42832229043474,	46.74720881566071,	962.3002277960263
78.419345810581,	46.83044857010683,	962.3205090842011
78.43729877081233,	46.84823629511716,	962.3077821574001
78.41036933125113,	47.41616487324518,	962.2572837654855
78.41036933125113,	47.85158787876796,	962.3129545430597
78.41036933125113,	47.87391576052352,	962.3129545430597
78.43729877081233,	47.975981453418065,	962.2521100538476
78.42832229043474,	49.56034349663372,	962.2723919620547
78.419345810581,	49.60442908386262,	962.2370022644278
78.42832229043474,	49.62729451612764,	962.3002277960263
78.43729877081233,	49.711531170396796,	962.1964380269065
78.42832229043474,	49.6719277958504,	962.2723919620547
78.419345810581,	49.52631977696791,	962.2091666961414
78.44627525171381,	49.371733773317786,	962.2875002538435
78.43729877081233,	49.25959234998053,	962.1964380269065
78.42832229043474,	49.314845132749035,	962.3002277960263
78.419345810581,	49.49284380978468,	962.3205090842011
78.42832229043474,	49.61055688499401,	962.3002277960263
78.419345810581,	49.72158967580606,	962.2370022644278
78.41036933125113,	49.86050991112009,	962.2016130645189
78.419345810581,	49.900112329102065,	962.3205090842011
78.419345810581,	49.81643100399765,	962.2648378518668
78.419345810581,	49.671378488492955,	962.2091666961414
78.42832229043474,	49.6719277958504,	962.2723919620547
78.419345810581,	49.682536594278055,	962.2091666961414
78.41036933125113,	49.659671161118034,	962.3129545430597
78.40139285244513,	49.642385061184505,	962.2775648547448
78.41036933125113,	49.52577206195207,	962.2572837654855
78.42832229043474,	49.45991449259586,	962.2167203515693
78.42832229043474,	49.38738058719225,	962.3280636491503
78.419345810581,	49.21386458459636,	962.2648378518668
78.41036933125113,	49.213320299830556,	962.2851191446966
78.40139285244513,	49.134659441043624,	962.2218945702327
78.419345810581,	48.99066470616667,	962.2926734584579
78.419345810581,	48.89580031704728,	962.2370022644278
78.42832229043474,	48.94656431465141,	962.3280636491503
78.43729877081233,	49.01406951230999,	962.2799460960473
78.419345810581,	48.996244881858765,	962.2648378518668
78.43729877081233,	48.947105658583865,	962.2521100538476
78.42832229043474,	48.92982332879298,	962.2445561472357
78.41036933125113,	48.94548162662251,	962.2572837654855
78.41036933125113,	48.91758055040041,	962.2572837654855
78.42832229043474,	48.79031190523586,	962.3002277960263
78.43729877081233,	48.746206177878726,	962.2242740308008
78.44627525171381,	48.746745315906516,	962.2318277338342
78.43729877081233,	48.66249455487774,	962.3077821574001
78.43729877081233,	48.71830253269803,	962.3077821574001
78.44627525171381,	48.82487516118062,	962.2875002538435
78.45525173313916,	48.959349325312544,	962.2393814606671
78.43729877081233,	48.95826639253274,	962.2799460960473
78.44627525171381,	48.93090564898173,	962.2318277338342
78.44627525171381,	48.9253251794891,	962.2875002538435
78.43729877081233,	49.041970728469146,	962.2799460960473
78.43729877081233,	49.103352597400836,	962.1964380269065
78.44627525171381,	49.0815748604124,	962.2318277338342
78.43729877081233,	48.99732867262106,	962.2521100538476
78.41036933125113,	49.00128309165373,	962.3129545430597
78.41036933125113,	49.04592360376225,	962.2572837654855
78.43729877081233,	48.98616806699785,	962.2799460960473
78.419345810581,	48.923701882936065,	962.2648378518668
78.43729877081233,	48.98616806699785,	962.3356182379055
78.43729877081233,	49.00290896168349,	962.2799460960473
78.419345810581,	48.97392412409611,	962.2091666961414
78.42832229043474,	49.019107633449494,	962.3002277960263
78.45525173313916,	49.06537679735414,	962.2672179384767
78.43729877081233,	49.025230026272006,	962.2242740308008
78.41036933125113,	49.029183480462855,	962.2851191446966
78.44627525171381,	49.05925391740687,	962.3153365425777
78.45525173313916,	49.04305549928856,	962.1837085625078
78.45525173313916,	49.015153670459746,	962.29505443544
78.45525173313916,	48.94260784302111,	962.2115450020107
78.47320469756144,	48.9325291288552,	962.1988151780367
78.49115766407922,	48.92244988763917,	962.2139218887357
78.49115766407922,	48.90570747759619,	962.2695966059568
78.47320469756144,	48.88230291910523,	962.3101628700284
78.47320469756144,	48.904625770663465,	962.1431414469652
78.47320469756144,	48.904625770663465,	962.2544889857243
78.47320469756144,	48.97159344531233,	962.2544889857243
78.47320469756144,	49.02181833502355,	962.2823259182993
78.44627525171381,	49.02577222790888,	962.2039915025593
78.4821811805584,	49.00003814856761,	962.2342056431406
78.47320469756144,	49.00507678762224,	962.2823259182993
78.46422821508837,	49.015695749452334,	962.1912618583749
78.46422821508837,	48.97663237522066,	962.1912618583749
78.47320469756144,	48.96043225787355,	962.1988151780367
78.44627525171381,	48.958807858949996,	962.1761552904376
78.4821811805584,	48.9721350340493,	962.1785314189956
78.4821811805584,	48.93865099411171,	962.2620427839448
78.47320469756144,	48.88788364574519,	962.2266520723034
78.47320469756144,	48.904625770663465,	962.1988151780367
78.46422821508837,	48.92640737691813,	962.1912618583749
78.42832229043474,	48.95214462493906,	962.1610488176941
78.44627525171381,	48.958807858949996,	962.2596639842623
78.44627525171381,	48.93090564898173,	962.2318277338342
78.45525173313916,	48.992832042399186,	962.2393814606671
78.43729877081233,	49.0084892415798,	962.2242740308008
78.44627525171381,	49.00903125941452,	962.2875002538435
78.45525173313916,	49.0095732771944,	962.29505443544
78.42832229043474,	49.01352743315281,	962.2723919620547
78.42832229043474,	49.02468782458024,	962.2167203515693
78.43729877081233,	49.01406951230999,	962.3077821574001
78.419345810581,	48.98508452130886,	962.2648378518668
78.42832229043474,	48.98004603888858,	962.2445561472357
78.392416374163,	48.966719144216704,	962.242175664151
78.40139285244513,	48.944940282526055,	962.2497297029129
78.41036933125113,	48.93432122363019,	962.3129545430597
78.40139285244513,	48.89471873178543,	962.2218945702327
78.419345810581,	48.89021997637239,	962.2648378518668
78.40139285244513,	48.872397804269525,	962.2497297029129
78.41036933125113,	48.86735803577373,	962.2572837654855
78.40139285244513,	48.86681754947728,	962.1940594567039
78.419345810581,	48.89021997637239,	962.2370022644278
78.41036933125113,	48.88409895647219,	962.2294484054262
78.41036933125113,	48.895259524443624,	962.2294484054262
78.419345810581,	48.91254128407768,	962.3205090842011
78.40139285244513,	48.9114593311867,	962.3054000257284
78.38343989640475,	48.88805705071842,	962.2902910625031
78.40139285244513,	48.84449643865534,	962.2497297029129
78.41036933125113,	48.828295566684616,	962.2572837654855
78.40139285244513,	48.805434141852786,	962.2775648547448
78.40139285244513,	48.79985377707692,	962.2497297029129
78.40139285244513,	48.81659484390859,	962.2497297029129
78.40139285244513,	48.7886930200293,	962.2497297029129
78.40139285244513,	48.766371395950415,	962.2218945702327
78.37446341917035,	48.73127163748168,	962.282736616613
78.38343989640475,	48.72064992142993,	962.3181257978804
78.38343989640475,	48.73739100553698,	962.2902910625031
78.38343989640475,	48.74855168245054,	962.2624563462768
78.38343989640475,	48.75413200715998,	962.2902910625031
78.36548694245982,	48.77537420216043,	962.2195136907484
78.33855751547148,	48.77375568347151,	962.2246854919057
78.34753399061039,	48.757555033429114,	962.2600734218568
78.34753399061039,	48.7408147946262,	962.204405827569
78.34753399061039,	48.7408147946262,	962.232239615138
78.36548694245982,	48.730732621576465,	962.2195136907484
78.36548694245982,	48.74189307170936,	962.2473479330696
78.36548694245982,	48.75305348518433,	962.1638452635581
78.35651046627318,	48.76925459176399,	962.2119597472484
78.36548694245982,	48.75863367817508,	962.1916794675781
78.35651046627318,	48.76367447837872,	962.267627796288
78.33855751547148,	48.74585568349117,	962.2246854919057
78.34753399061039,	48.74639488339125,	962.2600734218568
78.33855751547148,	48.7291155735365,	962.2525190712491
78.34753399061039,	48.68501340295149,	962.232239615138
78.32958104085643,	48.722996563713764,	962.2171313924982
78.32060456676525,	48.739197378595826,	962.1817442114715
78.32958104085643,	48.75647638846661,	962.2449647444669
78.32958104085643,	48.773216177133506,	962.1892980596785
78.32958104085643,	48.773216177133506,	962.2171313924982
78.31162809319795,	48.79445626401917,	962.1741903870928
78.32060456676525,	48.80615563300212,	962.2095773169174
78.32958104085643,	48.84017450707091,	962.2449647444669
78.32958104085643,	48.85133410043578,	962.2449647444669
78.32958104085643,	48.8736531772015,	962.1892980596785
78.32958104085643,	48.84575430833519,	962.1892980596785
78.33855751547148,	48.851874464621346,	962.2246854919057
78.3026516201545,	48.85529260666961,	962.2223019070923
78.28469867563922,	48.876529569916464,	962.2906902282043
78.27572220416741,	48.881568268524155,	962.1996392842166
78.29367514763493,	48.89938815387911,	962.159082809827
78.28469867563922,	48.904426632074866,	962.2350257022573
78.28469867563922,	48.89326783469945,	962.2071934680052
78.3026516201545,	48.90550858638464,	962.194469237244
78.3026516201545,	48.90550858638464,	962.2501345960889
78.28469867563922,	48.9100060170186,	962.1793612529009
78.31162809319795,	48.900469985536716,	962.2298561623866
78.29367514763493,	48.865911229191674,	962.1869152331551
78.29367514763493,	48.84359309614302,	962.2704126180272
78.27572220416741,	48.814615229987595,	962.2553033171253
78.27572220416741,	48.82577416136813,	962.2553033171253
78.28469867563922,	48.76493903062087,	962.1236968801351
78.27572220416741,	48.75324045227997,	962.2553033171253
78.27572220416741,	48.74766087205916,	962.2553033171253
78.25776926279534,	48.74658234878473,	962.2401941115843
78.27572220416741,	48.7365016841302,	962.1996392842166
78.29367514763493,	48.732000231815206,	962.2147476756312
78.28469867563922,	48.76493903062087,	962.2071934680052
78.28469867563922,	48.76493903062087,	962.2071934680052
78.27572220416741,	48.79229725727722,	962.1996392842166
78.27572220416741,	48.775558681538776,	962.2831353623005
78.27572220416741,	48.78671774119351,	962.2553033171253
78.27572220416741,	48.809035750553676,	962.1996392842166
78.25776926279534,	48.82469392237231,	962.1566994551649
78.25776926279534,	48.841431883080595,	962.1845309881579
78.23981632351875,	48.834772087696706,	962.1694227874708
78.23083985466627,	48.84539009080374,	962.2175304821086
78.22186338633765,	48.856007812116346,	962.209975986647
78.22186338633765,	48.861586841450034,	962.2656373677052
78.25776926279534,	48.85816976133057,	962.1845309881579
78.2487927928951,	48.83531232987881,	962.2883022898515
78.25776926279534,	48.841431883080595,	962.2401941115843
78.23981632351875,	48.80687600764056,	962.197253884872
78.23083985466627,	48.789598497629264,	962.2175304821086
78.22186338633765,	48.79463788480526,	962.1821453248361
78.23981632351875,	48.778979698543736,	962.2807472919527
78.23981632351875,	48.76782111077361,	962.2250850014195
78.25776926279534,	48.76890012447903,	962.1845309881579
78.2487927928951,	48.77951932797596,	962.2048082006622
78.25776926279534,	48.81911458381214,	962.2401941115843
78.23981632351875,	48.84593045558778,	962.197253884872
78.23981632351875,	48.87382621498698,	962.1694227874708
78.23083985466627,	48.91233879330528,	962.1896995929299
78.22186338633765,	48.88948185070023,	962.1543146821709
78.22186338633765,	48.88948185070023,	962.209975986647
78.23981632351875,	48.8682470814304,	962.1415917092156
78.23981632351875,	48.89056356068697,	962.2529161371131
78.23981632351875,	48.87382621498698,	962.197253884872
78.21288691853289,	48.86104629273729,	962.1189302691432
78.23083985466627,	48.901180767835925,	962.1340378720097
78.22186338633765,	48.88948185070023,	962.1821453248361
78.23981632351875,	48.901721745345505,	962.1694227874708
78.21288691853289,	48.90567770742554,	962.1467606652961
78.23083985466627,	48.87886460696013,	962.2453613904331
78.20391045125201,	48.88840014049535,	962.1948670672818
78.21288691853289,	48.88894099562506,	962.1745910805943
78.20391045125201,	48.87166353006262,	962.2505275388698
78.20391045125201,	48.8437689961252,	962.1392066722735
78.20391045125201,	48.81029525309354,	962.1948670672818
78.22186338633765,	48.800217014912356,	962.1543146821709
78.20391045125201,	48.78240021531155,	962.1948670672818
78.20391045125201,	48.77682118027271,	962.1948670672818
78.20391045125201,	48.78240021531155,	962.1948670672818
78.21288691853289,	48.788518993390376,	962.2302519686264
78.20391045125201,	48.79913726546317,	962.1948670672818
78.16800458736718,	48.774662661134286,	962.1646495148365
78.18595751826186,	48.78689973662521,	962.2075880148291
78.20391045125201,	48.82145320408067,	962.2226972935034
78.19493398449501,	48.79301844437614,	962.2429726602369
78.19493398449501,	48.7874394889345,	962.159482663672
78.16800458736718,	48.813713998317915,	962.3037962900692
78.16800458736718,	48.80813526334309,	962.1646495148365
78.13209873186425,	48.81155376259912,	962.273574572165
78.13209873186425,	48.8059752727237,	962.1344323442073
78.10516934573766,	48.82666844844028,	962.1674251864656
78.114145807256,	48.83836534366029,	962.1749798264225
78.114145807256,	48.83836534366029,	962.2028078172902
78.13209873186425,	48.83944607458852,	962.1900891779629
78.12312226929818,	48.850062447286,	962.2381909458564
78.12312226929818,	48.8723758136471,	962.2381909458564
78.114145807256,	48.86625681393759,	962.2306358272998
78.114145807256,	48.860678538199664,	962.1749798264225
78.114145807256,	48.80489527708814,	962.2306358272998
78.114145807256,	48.7658464493633,	962.2028078172902
78.10516934573766,	48.748571714960924,	962.2509085344104
78.10516934573766,	48.709522675066715,	962.1674251864656
78.114145807256,	48.68774744757455,	962.2028078172902
78.13209873186425,	48.68324617819268,	962.1900891779629
78.13209873186425,	48.677667477656186,	962.2457460882885
78.14107519495417,	48.67262729503856,	962.2533012545946
78.13209873186425,	48.69440355178814,	962.1900891779629
78.114145807256,	48.69890455773531,	962.1749798264225
78.114145807256,	48.70448309907755,	962.1471518546967
78.13209873186425,	48.70556088874689,	962.1622607515138
78.13209873186425,	48.699982224847105,	962.1622607515138
78.15005165856797,	48.650850401446014,	962.2330275253116
78.114145807256,	48.648697273510635,	962.2306358272998
78.114145807256,	48.65985451189417,	962.1471518546967
78.114145807256,	48.66543311734779,	962.1749798264225
78.10516934573766,	48.64258041974308,	962.2230807326206
78.09619288474322,	48.647620709219815,	962.2433532362501
78.07823996432592,	48.6074952377514,	962.2004155918685
78.09619288474322,	48.6085709443167,	962.1876981065336
78.09619288474322,	48.647620709219815,	962.1876981065336
78.08721642427264,	48.63592551966077,	962.2357979619717
78.09619288474322,	48.65877770248117,	962.2433532362501
78.08721642427264,	48.641503977906275,	962.1523159781893
78.07823996432592,	48.68559260293603,	962.2004155918685
78.06926350490306,	48.67947562922018,	962.2485143965586
78.07823996432592,	48.68001427923525,	962.2004155918685
78.07823996432592,	48.69117091747886,	962.1725884913004
78.07823996432592,	48.67443594637651,	962.2560698504265
78.07823996432592,	48.69117091747886,	962.2004155918685
78.06926350490306,	48.68505389164147,	962.2206874850689
78.07823996432592,	48.70232751909066,	962.2004155918685
78.07823996432592,	48.70232751909066,	962.1725884913004
78.07823996432592,	48.67443594637651,	962.1169343475864
78.06028704600408,	48.667780549394905,	962.1853056174575
78.09619288474322,	48.65877770248117,	962.1876981065336
78.09619288474322,	48.669934659109074,	962.2433532362501
78.08721642427264,	48.6638177193067,	962.2079706149035
78.07823996432592,	48.66885760435983,	962.2004155918685
78.07823996432592,	48.69117091747886,	962.2004155918685
78.06028704600408,	48.67893697915115,	962.1574789716066
78.07823996432592,	48.663279253185195,	962.1447614098731
78.07823996432592,	48.65212252336205,	962.2282427115771
78.08721642427264,	48.63592551966077,	962.1523159781893
78.05131058762899,	48.6281946581872,	962.2334035604904
78.06028704600408,	48.62315446406814,	962.2131322824483
78.08721642427264,	48.63592551966077,	962.1523159781893
78.09619288474322,	48.614149509635084,	962.2155256618213
78.08721642427264,	48.641503977906275,	962.1523159781893
78.08721642427264,	48.63592551966077,	962.2079706149035
78.07823996432592,	48.596338324769214,	962.1725884913004
78.07823996432592,	48.6074952377514,	962.2004155918685
78.07823996432592,	48.61307368050557,	962.2004155918685
78.09619288474322,	48.60299236983996,	962.1598705703874
78.06028704600408,	48.60641953097113,	962.2409589665793
78.06028704600408,	48.600841201623695,	962.1296523448957
78.06028704600408,	48.611997851161014,	962.1574789716066
78.06926350490306,	48.59580059397082,	962.1928605927194
78.03335767245036,	48.571336960042004,	962.1626408350146
78.00642830361147,	48.541834327560146,	962.1678015684796
78.00642830361147,	48.55299042483617,	962.1121509859132
78.03335767245036,	48.576915151326936,	962.2182928199915
78.03335767245036,	48.565758759600136,	962.1348148712349
78.03335767245036,	48.565758759600136,	962.1904668179335
78.01540475936723,	48.57026198811952,	962.1475310995246
78.04233412977774,	48.566296184197284,	962.1701957386032
77.99745184837957,	48.591498745650085,	962.076771370048
77.99745184837957,	48.56360906067523,	962.1880716257645
77.98847539367154,	48.5909610143683,	962.1526915216808
78.00642830361147,	48.60877036183708,	962.1956268884701
78.00642830361147,	48.60319240934043,	962.1399762676272
78.00642830361147,	48.62550416438912,	962.1399762676272
78.00642830361147,	48.64223788453427,	962.1956268884701
77.98847539367154,	48.624427966493236,	962.1248666755365
77.98847539367154,	48.6300057598017,	962.1805163869628
77.99745184837957,	48.66958864581625,	962.1324214596306
77.9705224858271,	48.65681765552251,	962.1654059810796
77.97949893948739,	48.59600106999402,	962.1729611720672
77.98847539367154,	48.61327235240857,	962.2083412713823
77.98847539367154,	48.618850164028856,	962.1526915216808
77.99745184837957,	48.61381032881987,	962.1880716257645
78.02438121564686,	48.60426811676564,	962.1550859553213
77.99745184837957,	48.60265455554721,	962.1880716257645
77.98847539367154,	48.56307163580993,	962.1526915216808
77.98847539367154,	48.52402612127995,	962.1805163869628
77.9705224858271,	48.51737428467204,	962.1654059810796
77.97949893948739,	48.5123333042262,	962.1173119153474
77.97949893948739,	48.5123333042262,	962.1729611720672
77.98847539367154,	48.55749373263053,	962.2083412713823
77.99745184837957,	48.54129714788527,	962.1602465331287
77.98847539367154,	48.52960407939482,	962.2361661749394
77.97949893948739,	48.51791121936735,	962.1451365341386
77.98847539367154,	48.484980158110275,	962.1526915216808
77.9705224858271,	48.461595334118705,	962.1654059810796
77.97949893948739,	48.46213165594909,	962.1729611720672
77.97949893948739,	48.43424153090091,	962.1451365341386
77.97949893948739,	48.42866347842416,	962.2286105053361
77.96154603269068,	48.44990323483376,	962.2134992378591
77.96154603269068,	48.44990323483376,	962.1578508140017
77.9705224858271,	48.461595334118705,	962.109757179065
77.94359312798944,	48.471141863938186,	962.1705642992405
77.96154603269068,	48.5224151333379,	962.1578508140017
77.94359312798944,	48.54365169293544,	962.1705642992405
77.95256958007812,	48.55534427776881,	962.2059436399888
77.95256958007812,	48.52745585022436,	962.1781196458439
77.95256958007812,	48.5497666105701,	962.1781196458439
77.94359312798944,	48.538074068711154,	962.1149168230621
77.94359312798944,	48.52134114110894,	962.1705642992405
77.90768732487341,	48.55265745798531,	962.1681660094007
77.89871087540406,	48.57442920030221,	962.1606105550495
77.93461667642464,	48.62119937151415,	962.1908325159955
77.9166637748666,	48.62570047581353,	962.1200753373274
77.8897344264586,	48.601777461662564,	962.1252327219274
77.8897344264586,	48.59062314085691,	962.1530551246244
77.89871087540406,	48.60231537738316,	962.2440785599908
77.8897344264586,	48.618508874218534,	962.2086999874208
77.8897344264586,	48.624085993429865,	962.2086999874208
77.87178153013927,	48.63416363740786,	962.1935882889688
77.880757978037,	48.640278951395885,	962.2011441262288
77.880757978037,	48.64585597271171,	962.1733219126113
77.8897344264586,	48.6463943787385,	962.1530551246244
77.880757978037,	48.617970774597985,	962.1733219126113
77.8897344264586,	48.57946878343659,	962.1808775464555
77.86280508276542,	48.566701745011194,	962.1860324756422
77.86280508276542,	48.59458674219967,	962.1303889769282
77.86280508276542,	48.6113176306761,	962.1582107167185
77.85382863591542,	48.59962579824256,	962.1506551546735
77.86280508276542,	48.6001637141782,	962.1860324756422
77.84485218958929,	48.615818375577724,	962.1709209207972
77.82689929850866,	48.63704888178891,	962.1836303303851
77.84485218958929,	48.643702348065695,	962.2265635866593
77.84485218958929,	48.67716281301393,	962.1430996165649
77.84485218958929,	48.67716281301393,	962.1709209207972
77.82689929850866,	48.67050866628801,	962.1279886121669
77.82689929850866,	48.68723843498235,	962.15580946171
77.82689929850866,	48.67050866628801,	962.1001677817558
77.83587574378703,	48.67662403903647,	962.1633651792829
77.84485218958929,	48.68831622810883,	962.198742244162
77.81792285375414,	48.642087129015344,	962.2038950698745
77.7999699658167,	48.618704381985744,	962.1331424526584
77.7999699658167,	48.618704381985744,	962.2166030699879
77.7999699658167,	48.601974835348706,	962.077502136761
77.80894640952349,	48.63039565126857,	962.1128777035393
77.78201707997476,	48.61762805905103,	962.1180312330331
77.7909935226338,	48.634895500973464,	962.1534067901734
77.80894640952349,	48.65827826085206,	962.1685185123838
77.82689929850866,	48.64262553541935,	962.15580946171
77.81792285375414,	48.642087129015344,	962.1482537680803
77.82689929850866,	48.64262553541935,	962.1836303303851
77.82689929850866,	48.620318865984125,	962.15580946171
77.81792285375414,	48.60862743763785,	962.0926125428128
77.80894640952349,	48.5913596134748,	962.0850573278142
77.84485218958929,	48.58793417427357,	962.198742244162
77.80894640952349,	48.55232312724134,	962.1406980983958
77.81792285375414,	48.53055354313885,	962.1760744094115
77.7999699658167,	48.507172515295686,	962.1331424526584
77.7909935226338,	48.50663557953033,	962.1534067901734
77.81792285375414,	48.49709275351721,	962.1482537680803
77.7909935226338,	48.51778880835743,	962.1255868308701
77.74611131457729,	48.526256095240825,	962.087809081233
77.75508775514085,	48.576979982188874,	962.1510027022586
77.7909935226338,	48.57913091257978,	962.2090467661727
77.77304063783959,	48.60593724325481,	962.0826561736576
77.77304063783959,	48.57805544749175,	962.1661146875209
77.7909935226338,	48.59586038518781,	962.1255868308701
77.7909935226338,	48.607013321169404,	962.1255868308701
77.78201707997476,	48.61762805905103,	962.1180312330331
77.77304063783959,	48.617089897502936,	962.1382951637695
77.7999699658167,	48.62985736731896,	962.1331424526584
77.81792285375414,	48.62535732451076,	962.1482537680803
77.81792285375414,	48.62535732451076,	962.1760744094115
77.78201707997476,	48.606475282239,	962.1458509649949
77.77304063783959,	48.58920819325002,	962.1939342304024
77.76406419622828,	48.58867033805946,	962.214197333122
77.77304063783959,	48.583631824946394,	962.1939342304024
77.78201707997476,	48.57301673217369,	962.1458509649949
77.77304063783959,	48.583631824946394,	962.1661146875209
77.78201707997476,	48.56186380894217,	962.1458509649949
77.7909935226338,	48.56797788508397,	962.1534067901734
77.76406419622828,	48.571941389544804,	962.1585586829108
77.76406419622828,	48.55521235867286,	962.1029201092191
77.77304063783959,	48.572479060886096,	962.1104756591485
77.77304063783959,	48.555749846163046,	962.1104756591485
77.7909935226338,	48.55124827520459,	962.1812267686078
77.7909935226338,	48.56240135760894,	962.0699469696561
77.78201707997476,	48.56186380894217,	962.1736707160874
77.80894640952349,	48.55232312724134,	962.1128777035393
77.80894640952349,	48.541169763093876,	962.1128777035393
77.81792285375414,	48.51939998320645,	962.1482537680803
77.80894640952349,	48.53001636233909,	962.1685185123838
77.7909935226338,	48.51778880835743,	962.1255868308701
77.80894640952349,	48.54674644974352,	962.1406980983958
77.81792285375414,	48.564014003287255,	962.1760744094115
77.82689929850866,	48.570128324348914,	962.0723469704767
77.81792285375414,	48.569590714613206,	962.1482537680803
77.80894640952349,	48.55232312724134,	962.1406980983958
77.82689929850866,	48.55897476997758,	962.15580946171
77.7999699658167,	48.55736230831173,	962.1331424526584
77.80894640952349,	48.535593067292396,	962.1406980983958
77.7909935226338,	48.53451858296241,	962.1255868308701
77.7909935226338,	48.54567172027529,	962.1534067901734
77.7909935226338,	48.55124827520459,	962.1534067901734
77.7909935226338,	48.53451858296241,	962.1534067901734
77.78201707997476,	48.533981340717055,	962.1458509649949
77.77304063783959,	48.53344409841811,	962.1939342304024
77.78201707997476,	48.52840481961838,	962.1736707160874
